1 2 24 25 13 
1 2 23 25 14 
1 2 22 25 15 
1 2 23 24 15 
16 1 2 21 25 
16 1 2 22 24 
1 17 2 20 25 
1 17 2 21 24 
1 17 2 22 23 
1 2 18 19 25 
1 2 18 20 24 
1 2 18 21 23 
1 2 19 20 23 
1 2 19 21 22 
1 3 24 25 12 
1 3 23 25 13 
1 3 22 25 14 
1 3 23 24 14 
1 3 21 25 15 
1 3 22 24 15 
16 1 3 20 25 
16 1 3 21 24 
16 1 3 22 23 
1 17 3 19 25 
1 17 3 20 24 
1 17 3 21 23 
1 18 3 19 24 
1 18 3 20 23 
1 18 3 21 22 
1 3 19 20 22 
1 4 24 25 11 
1 4 23 25 12 
1 4 22 25 13 
1 4 23 24 13 
1 4 21 25 14 
1 4 22 24 14 
1 4 20 25 15 
1 4 21 24 15 
1 4 22 23 15 
16 1 19 4 25 
16 1 4 20 24 
16 1 4 21 23 
1 17 18 4 25 
1 17 19 4 24 
1 17 4 20 23 
1 17 4 21 22 
1 18 19 4 23 
1 18 4 20 22 
1 19 4 20 21 
1 5 24 25 10 
1 5 23 25 11 
1 5 22 25 12 
1 5 23 24 12 
1 5 21 25 13 
1 5 22 24 13 
1 20 5 25 14 
1 5 21 24 14 
1 5 22 23 14 
1 19 5 25 15 
1 20 5 24 15 
1 5 21 23 15 
16 1 18 5 25 
16 1 19 5 24 
16 1 20 5 23 
16 1 5 21 22 
1 17 18 5 24 
1 17 19 5 23 
1 17 20 5 22 
1 18 19 5 22 
1 18 20 5 21 
1 6 24 9 25 
1 6 23 25 10 
1 6 22 25 11 
1 6 23 24 11 
1 21 6 25 12 
1 6 22 24 12 
1 20 6 25 13 
1 21 6 24 13 
1 6 22 23 13 
1 19 6 25 14 
1 20 6 24 14 
1 21 6 23 14 
1 18 6 25 15 
1 19 6 24 15 
1 20 6 23 15 
1 21 6 22 15 
16 1 17 6 25 
16 1 18 6 24 
16 1 19 6 23 
16 1 20 6 22 
1 17 18 6 23 
1 17 19 6 22 
1 17 20 21 6 
1 18 19 21 6 
1 7 8 24 25 
1 7 23 9 25 
1 22 7 25 10 
1 7 23 24 10 
1 21 7 25 11 
1 22 7 24 11 
1 20 7 25 12 
1 21 7 24 12 
1 22 7 23 12 
1 19 7 25 13 
1 20 7 24 13 
1 21 7 23 13 
1 18 7 25 14 
1 19 7 24 14 
1 20 7 23 14 
1 21 22 7 14 
1 17 7 25 15 
1 18 7 24 15 
1 19 7 23 15 
1 20 22 7 15 
16 1 17 7 24 
16 1 18 7 23 
16 1 19 22 7 
16 1 20 21 7 
1 17 18 22 7 
1 17 19 21 7 
1 18 19 20 7 
1 22 8 9 25 
1 23 8 24 9 
1 21 8 25 10 
1 22 8 24 10 
1 20 8 25 11 
1 21 8 24 11 
1 22 23 8 11 
1 19 8 25 12 
1 20 8 24 12 
1 21 23 8 12 
1 18 8 25 13 
1 19 8 24 13 
1 20 23 8 13 
1 21 22 8 13 
1 17 8 25 14 
1 18 8 24 14 
1 19 23 8 14 
1 20 22 8 14 
16 1 8 25 15 
1 17 8 24 15 
1 18 23 8 15 
1 19 22 8 15 
1 20 21 8 15 
16 1 17 23 8 
16 1 18 22 8 
16 1 19 21 8 
1 17 18 21 8 
1 17 19 20 8 
1 20 9 25 10 
1 21 24 9 10 
1 22 23 9 10 
1 19 9 25 11 
1 20 24 9 11 
1 21 23 9 11 
1 18 9 25 12 
1 19 24 9 12 
1 20 23 9 12 
1 21 22 9 12 
1 17 9 25 13 
1 18 24 9 13 
1 19 23 9 13 
1 20 22 9 13 
16 1 9 25 14 
1 17 24 9 14 
1 18 23 9 14 
1 19 22 9 14 
1 20 21 9 14 
16 1 24 9 15 
1 17 23 9 15 
1 18 22 9 15 
1 19 21 9 15 
16 1 17 22 9 
16 1 18 21 9 
16 1 19 20 9 
1 17 18 20 9 
1 18 25 10 11 
1 19 24 10 11 
1 20 23 10 11 
1 21 22 10 11 
1 17 25 10 12 
1 18 24 10 12 
1 19 23 10 12 
1 20 22 10 12 
16 1 25 10 13 
1 17 24 10 13 
1 18 23 10 13 
1 19 22 10 13 
1 20 21 10 13 
1 25 10 14 15 
16 1 24 10 14 
1 17 23 10 14 
1 18 22 10 14 
1 19 21 10 14 
16 1 23 10 15 
1 17 22 10 15 
1 18 21 10 15 
1 19 20 10 15 
16 1 17 21 10 
16 1 18 20 10 
1 17 18 19 10 
16 1 25 11 12 
1 17 24 11 12 
1 18 23 11 12 
1 19 22 11 12 
1 20 21 11 12 
1 25 11 13 15 
16 1 24 11 13 
1 17 23 11 13 
1 18 22 11 13 
1 19 21 11 13 
1 24 11 14 15 
16 1 23 11 14 
1 17 22 11 14 
1 18 21 11 14 
1 19 20 11 14 
16 1 22 11 15 
1 17 21 11 15 
1 18 20 11 15 
16 1 17 20 11 
16 1 18 19 11 
1 25 12 13 14 
1 24 12 13 15 
16 1 23 12 13 
1 17 22 12 13 
1 18 21 12 13 
1 19 20 12 13 
1 23 12 14 15 
16 1 22 12 14 
1 17 21 12 14 
1 18 20 12 14 
16 1 21 12 15 
1 17 20 12 15 
1 18 19 12 15 
16 1 17 19 12 
1 22 13 14 15 
16 1 21 13 14 
1 17 20 13 14 
1 18 19 13 14 
16 1 20 13 15 
1 17 19 13 15 
16 1 17 18 13 
16 1 19 14 15 
1 17 18 14 15 
2 3 24 25 11 
2 3 23 25 12 
2 3 22 25 13 
2 3 23 24 13 
2 3 21 25 14 
2 3 22 24 14 
2 3 20 25 15 
2 3 21 24 15 
2 3 22 23 15 
16 2 3 19 25 
16 2 3 20 24 
16 2 3 21 23 
17 2 18 3 25 
17 2 3 19 24 
17 2 3 20 23 
17 2 3 21 22 
2 18 3 19 23 
2 18 3 20 22 
2 3 19 20 21 
2 4 24 25 10 
2 4 23 25 11 
2 4 22 25 12 
2 4 23 24 12 
2 4 21 25 13 
2 4 22 24 13 
2 4 20 25 14 
2 4 21 24 14 
2 4 22 23 14 
2 19 4 25 15 
2 4 20 24 15 
2 4 21 23 15 
16 2 18 4 25 
16 2 19 4 24 
16 2 4 20 23 
16 2 4 21 22 
17 2 18 4 24 
17 2 19 4 23 
17 2 4 20 22 
2 18 19 4 22 
2 18 4 20 21 
2 5 24 9 25 
2 5 23 25 10 
2 5 22 25 11 
2 5 23 24 11 
2 5 21 25 12 
2 5 22 24 12 
2 20 5 25 13 
2 5 21 24 13 
2 5 22 23 13 
2 19 5 25 14 
2 20 5 24 14 
2 5 21 23 14 
2 18 5 25 15 
2 19 5 24 15 
2 20 5 23 15 
2 5 21 22 15 
16 17 2 5 25 
16 2 18 5 24 
16 2 19 5 23 
16 2 20 5 22 
17 2 18 5 23 
17 2 19 5 22 
17 2 20 5 21 
2 18 19 5 21 
2 6 8 24 25 
2 6 23 9 25 
2 6 22 25 10 
2 6 23 24 10 
2 21 6 25 11 
2 6 22 24 11 
2 20 6 25 12 
2 21 6 24 12 
2 6 22 23 12 
2 19 6 25 13 
2 20 6 24 13 
2 21 6 23 13 
2 18 6 25 14 
2 19 6 24 14 
2 20 6 23 14 
2 21 6 22 14 
17 2 6 25 15 
2 18 6 24 15 
2 19 6 23 15 
2 20 6 22 15 
16 17 2 6 24 
16 2 18 6 23 
16 2 19 6 22 
16 2 20 21 6 
17 2 18 6 22 
17 2 19 21 6 
2 18 19 20 6 
2 7 23 8 25 
2 22 7 9 25 
2 7 23 24 9 
2 21 7 25 10 
2 22 7 24 10 
2 20 7 25 11 
2 21 7 24 11 
2 22 7 23 11 
2 19 7 25 12 
2 20 7 24 12 
2 21 7 23 12 
2 18 7 25 13 
2 19 7 24 13 
2 20 7 23 13 
2 21 22 7 13 
17 2 7 25 14 
2 18 7 24 14 
2 19 7 23 14 
2 20 22 7 14 
16 2 7 25 15 
17 2 7 24 15 
2 18 7 23 15 
2 19 22 7 15 
2 20 21 7 15 
16 17 2 7 23 
16 2 18 22 7 
16 2 19 21 7 
17 2 18 21 7 
17 2 19 20 7 
2 21 8 9 25 
2 22 8 24 9 
2 20 8 25 10 
2 21 8 24 10 
2 22 23 8 10 
2 19 8 25 11 
2 20 8 24 11 
2 21 23 8 11 
2 18 8 25 12 
2 19 8 24 12 
2 20 23 8 12 
2 21 22 8 12 
17 2 8 25 13 
2 18 8 24 13 
2 19 23 8 13 
2 20 22 8 13 
16 2 8 25 14 
17 2 8 24 14 
2 18 23 8 14 
2 19 22 8 14 
2 20 21 8 14 
16 2 8 24 15 
17 2 23 8 15 
2 18 22 8 15 
2 19 21 8 15 
16 17 2 22 8 
16 2 18 21 8 
16 2 19 20 8 
17 2 18 20 8 
2 19 9 25 10 
2 20 24 9 10 
2 21 23 9 10 
2 18 9 25 11 
2 19 24 9 11 
2 20 23 9 11 
2 21 22 9 11 
17 2 9 25 12 
2 18 24 9 12 
2 19 23 9 12 
2 20 22 9 12 
16 2 9 25 13 
17 2 24 9 13 
2 18 23 9 13 
2 19 22 9 13 
2 20 21 9 13 
2 9 25 14 15 
16 2 24 9 14 
17 2 23 9 14 
2 18 22 9 14 
2 19 21 9 14 
16 2 23 9 15 
17 2 22 9 15 
2 18 21 9 15 
2 19 20 9 15 
16 17 2 21 9 
16 2 18 20 9 
17 2 18 19 9 
17 2 25 10 11 
2 18 24 10 11 
2 19 23 10 11 
2 20 22 10 11 
16 2 25 10 12 
17 2 24 10 12 
2 18 23 10 12 
2 19 22 10 12 
2 20 21 10 12 
2 25 10 13 15 
16 2 24 10 13 
17 2 23 10 13 
2 18 22 10 13 
2 19 21 10 13 
2 24 10 14 15 
16 2 23 10 14 
17 2 22 10 14 
2 18 21 10 14 
2 19 20 10 14 
16 2 22 10 15 
17 2 21 10 15 
2 18 20 10 15 
16 17 2 20 10 
16 2 18 19 10 
2 25 11 12 15 
16 2 24 11 12 
17 2 23 11 12 
2 18 22 11 12 
2 19 21 11 12 
2 25 11 13 14 
2 24 11 13 15 
16 2 23 11 13 
17 2 22 11 13 
2 18 21 11 13 
2 19 20 11 13 
2 23 11 14 15 
16 2 22 11 14 
17 2 21 11 14 
2 18 20 11 14 
16 2 21 11 15 
17 2 20 11 15 
2 18 19 11 15 
16 17 2 19 11 
2 24 12 13 14 
2 23 12 13 15 
16 2 22 12 13 
17 2 21 12 13 
2 18 20 12 13 
2 22 12 14 15 
16 2 21 12 14 
17 2 20 12 14 
2 18 19 12 14 
16 2 20 12 15 
17 2 19 12 15 
16 17 2 18 12 
2 21 13 14 15 
16 2 20 13 14 
17 2 19 13 14 
16 2 19 13 15 
17 2 18 13 15 
16 2 18 14 15 
3 4 24 9 25 
3 4 23 25 10 
3 4 22 25 11 
3 4 23 24 11 
3 4 21 25 12 
3 4 22 24 12 
3 4 20 25 13 
3 4 21 24 13 
3 4 22 23 13 
3 19 4 25 14 
3 4 20 24 14 
3 4 21 23 14 
18 3 4 25 15 
3 19 4 24 15 
3 4 20 23 15 
3 4 21 22 15 
16 17 3 4 25 
16 18 3 4 24 
16 3 19 4 23 
16 3 4 20 22 
17 18 3 4 23 
17 3 19 4 22 
17 3 4 20 21 
18 3 19 4 21 
3 5 8 24 25 
3 5 23 9 25 
3 5 22 25 10 
3 5 23 24 10 
3 5 21 25 11 
3 5 22 24 11 
3 20 5 25 12 
3 5 21 24 12 
3 5 22 23 12 
3 19 5 25 13 
3 20 5 24 13 
3 5 21 23 13 
18 3 5 25 14 
3 19 5 24 14 
3 20 5 23 14 
3 5 21 22 14 
17 3 5 25 15 
18 3 5 24 15 
3 19 5 23 15 
3 20 5 22 15 
16 17 3 5 24 
16 18 3 5 23 
16 3 19 5 22 
16 3 20 5 21 
17 18 3 5 22 
17 3 19 5 21 
18 3 19 20 5 
3 6 7 24 25 
3 6 23 8 25 
3 6 22 9 25 
3 6 23 24 9 
3 21 6 25 10 
3 6 22 24 10 
3 20 6 25 11 
3 21 6 24 11 
3 6 22 23 11 
3 19 6 25 12 
3 20 6 24 12 
3 21 6 23 12 
18 3 6 25 13 
3 19 6 24 13 
3 20 6 23 13 
3 21 6 22 13 
17 3 6 25 14 
18 3 6 24 14 
3 19 6 23 14 
3 20 6 22 14 
16 3 6 25 15 
17 3 6 24 15 
18 3 6 23 15 
3 19 6 22 15 
3 20 21 6 15 
16 17 3 6 23 
16 18 3 6 22 
16 3 19 21 6 
17 18 3 21 6 
17 3 19 20 6 
3 22 7 8 25 
3 7 23 8 24 
3 21 7 9 25 
3 22 7 24 9 
3 20 7 25 10 
3 21 7 24 10 
3 22 7 23 10 
3 19 7 25 11 
3 20 7 24 11 
3 21 7 23 11 
18 3 7 25 12 
3 19 7 24 12 
3 20 7 23 12 
3 21 22 7 12 
17 3 7 25 13 
18 3 7 24 13 
3 19 7 23 13 
3 20 22 7 13 
16 3 7 25 14 
17 3 7 24 14 
18 3 7 23 14 
3 19 22 7 14 
3 20 21 7 14 
16 3 7 24 15 
17 3 7 23 15 
18 3 22 7 15 
3 19 21 7 15 
16 17 3 22 7 
16 18 3 21 7 
16 3 19 20 7 
17 18 3 20 7 
3 20 8 9 25 
3 21 8 24 9 
3 22 23 8 9 
3 19 8 25 10 
3 20 8 24 10 
3 21 23 8 10 
18 3 8 25 11 
3 19 8 24 11 
3 20 23 8 11 
3 21 22 8 11 
17 3 8 25 12 
18 3 8 24 12 
3 19 23 8 12 
3 20 22 8 12 
16 3 8 25 13 
17 3 8 24 13 
18 3 23 8 13 
3 19 22 8 13 
3 20 21 8 13 
3 8 25 14 15 
16 3 8 24 14 
17 3 23 8 14 
18 3 22 8 14 
3 19 21 8 14 
16 3 23 8 15 
17 3 22 8 15 
18 3 21 8 15 
3 19 20 8 15 
16 17 3 21 8 
16 18 3 20 8 
17 18 3 19 8 
18 3 9 25 10 
3 19 24 9 10 
3 20 23 9 10 
3 21 22 9 10 
17 3 9 25 11 
18 3 24 9 11 
3 19 23 9 11 
3 20 22 9 11 
16 3 9 25 12 
17 3 24 9 12 
18 3 23 9 12 
3 19 22 9 12 
3 20 21 9 12 
3 9 25 13 15 
16 3 24 9 13 
17 3 23 9 13 
18 3 22 9 13 
3 19 21 9 13 
3 24 9 14 15 
16 3 23 9 14 
17 3 22 9 14 
18 3 21 9 14 
3 19 20 9 14 
16 3 22 9 15 
17 3 21 9 15 
18 3 20 9 15 
16 17 3 20 9 
16 18 3 19 9 
16 3 25 10 11 
17 3 24 10 11 
18 3 23 10 11 
3 19 22 10 11 
3 20 21 10 11 
3 25 10 12 15 
16 3 24 10 12 
17 3 23 10 12 
18 3 22 10 12 
3 19 21 10 12 
3 25 10 13 14 
3 24 10 13 15 
16 3 23 10 13 
17 3 22 10 13 
18 3 21 10 13 
3 19 20 10 13 
3 23 10 14 15 
16 3 22 10 14 
17 3 21 10 14 
18 3 20 10 14 
16 3 21 10 15 
17 3 20 10 15 
18 3 19 10 15 
16 17 3 19 10 
3 25 11 12 14 
3 24 11 12 15 
16 3 23 11 12 
17 3 22 11 12 
18 3 21 11 12 
3 19 20 11 12 
3 24 11 13 14 
3 23 11 13 15 
16 3 22 11 13 
17 3 21 11 13 
18 3 20 11 13 
3 22 11 14 15 
16 3 21 11 14 
17 3 20 11 14 
18 3 19 11 14 
16 3 20 11 15 
17 3 19 11 15 
16 17 18 3 11 
3 23 12 13 14 
3 22 12 13 15 
16 3 21 12 13 
17 3 20 12 13 
18 3 19 12 13 
3 21 12 14 15 
16 3 20 12 14 
17 3 19 12 14 
16 3 19 12 15 
17 18 3 12 15 
3 20 13 14 15 
16 3 19 13 14 
17 18 3 13 14 
16 18 3 13 15 
16 17 3 14 15 
4 5 7 24 25 
4 5 23 8 25 
4 5 22 9 25 
4 5 23 24 9 
4 5 21 25 10 
4 5 22 24 10 
4 20 5 25 11 
4 5 21 24 11 
4 5 22 23 11 
19 4 5 25 12 
4 20 5 24 12 
4 5 21 23 12 
18 4 5 25 13 
19 4 5 24 13 
4 20 5 23 13 
4 5 21 22 13 
17 4 5 25 14 
18 4 5 24 14 
19 4 5 23 14 
4 20 5 22 14 
16 4 5 25 15 
17 4 5 24 15 
18 4 5 23 15 
19 4 5 22 15 
4 20 5 21 15 
16 17 4 5 23 
16 18 4 5 22 
16 19 4 5 21 
17 18 4 5 21 
17 19 4 20 5 
4 6 7 23 25 
4 6 22 8 25 
4 6 23 8 24 
4 21 6 9 25 
4 6 22 24 9 
4 20 6 25 10 
4 21 6 24 10 
4 6 22 23 10 
19 4 6 25 11 
4 20 6 24 11 
4 21 6 23 11 
18 4 6 25 12 
19 4 6 24 12 
4 20 6 23 12 
4 21 6 22 12 
17 4 6 25 13 
18 4 6 24 13 
19 4 6 23 13 
4 20 6 22 13 
16 4 6 25 14 
17 4 6 24 14 
18 4 6 23 14 
19 4 6 22 14 
4 20 21 6 14 
16 4 6 24 15 
17 4 6 23 15 
18 4 6 22 15 
19 4 21 6 15 
16 17 4 6 22 
16 18 4 21 6 
16 19 4 20 6 
17 18 4 20 6 
4 21 7 8 25 
4 22 7 8 24 
4 20 7 9 25 
4 21 7 24 9 
4 22 7 23 9 
19 4 7 25 10 
4 20 7 24 10 
4 21 7 23 10 
18 4 7 25 11 
19 4 7 24 11 
4 20 7 23 11 
4 21 22 7 11 
17 4 7 25 12 
18 4 7 24 12 
19 4 7 23 12 
4 20 22 7 12 
16 4 7 25 13 
17 4 7 24 13 
18 4 7 23 13 
19 4 22 7 13 
4 20 21 7 13 
4 7 25 14 15 
16 4 7 24 14 
17 4 7 23 14 
18 4 22 7 14 
19 4 21 7 14 
16 4 7 23 15 
17 4 22 7 15 
18 4 21 7 15 
19 4 20 7 15 
16 17 4 21 7 
16 18 4 20 7 
17 18 19 4 7 
19 4 8 9 25 
4 20 8 24 9 
4 21 23 8 9 
18 4 8 25 10 
19 4 8 24 10 
4 20 23 8 10 
4 21 22 8 10 
17 4 8 25 11 
18 4 8 24 11 
19 4 23 8 11 
4 20 22 8 11 
16 4 8 25 12 
17 4 8 24 12 
18 4 23 8 12 
19 4 22 8 12 
4 20 21 8 12 
4 8 25 13 15 
16 4 8 24 13 
17 4 23 8 13 
18 4 22 8 13 
19 4 21 8 13 
4 8 24 14 15 
16 4 23 8 14 
17 4 22 8 14 
18 4 21 8 14 
19 4 20 8 14 
16 4 22 8 15 
17 4 21 8 15 
18 4 20 8 15 
16 17 4 20 8 
16 18 19 4 8 
17 4 9 25 10 
18 4 24 9 10 
19 4 23 9 10 
4 20 22 9 10 
16 4 9 25 11 
17 4 24 9 11 
18 4 23 9 11 
19 4 22 9 11 
4 20 21 9 11 
4 9 25 12 15 
16 4 24 9 12 
17 4 23 9 12 
18 4 22 9 12 
19 4 21 9 12 
4 9 25 13 14 
4 24 9 13 15 
16 4 23 9 13 
17 4 22 9 13 
18 4 21 9 13 
19 4 20 9 13 
4 23 9 14 15 
16 4 22 9 14 
17 4 21 9 14 
18 4 20 9 14 
16 4 21 9 15 
17 4 20 9 15 
18 19 4 9 15 
16 17 19 4 9 
4 25 10 11 15 
16 4 24 10 11 
17 4 23 10 11 
18 4 22 10 11 
19 4 21 10 11 
4 25 10 12 14 
4 24 10 12 15 
16 4 23 10 12 
17 4 22 10 12 
18 4 21 10 12 
19 4 20 10 12 
4 24 10 13 14 
4 23 10 13 15 
16 4 22 10 13 
17 4 21 10 13 
18 4 20 10 13 
4 22 10 14 15 
16 4 21 10 14 
17 4 20 10 14 
18 19 4 10 14 
16 4 20 10 15 
17 19 4 10 15 
16 17 18 4 10 
4 25 11 12 13 
4 24 11 12 14 
4 23 11 12 15 
16 4 22 11 12 
17 4 21 11 12 
18 4 20 11 12 
4 23 11 13 14 
4 22 11 13 15 
16 4 21 11 13 
17 4 20 11 13 
18 19 4 11 13 
4 21 11 14 15 
16 4 20 11 14 
17 19 4 11 14 
16 19 4 11 15 
17 18 4 11 15 
4 22 12 13 14 
4 21 12 13 15 
16 4 20 12 13 
17 19 4 12 13 
4 20 12 14 15 
16 19 4 12 14 
17 18 4 12 14 
16 18 4 12 15 
19 4 13 14 15 
16 18 4 13 14 
16 17 4 13 15 
5 6 22 7 25 
5 6 7 23 24 
5 21 6 8 25 
5 6 22 8 24 
20 5 6 9 25 
5 21 6 24 9 
5 6 22 23 9 
19 5 6 25 10 
20 5 6 24 10 
5 21 6 23 10 
18 5 6 25 11 
19 5 6 24 11 
20 5 6 23 11 
5 21 6 22 11 
17 5 6 25 12 
18 5 6 24 12 
19 5 6 23 12 
20 5 6 22 12 
16 5 6 25 13 
17 5 6 24 13 
18 5 6 23 13 
19 5 6 22 13 
20 5 21 6 13 
5 6 25 14 15 
16 5 6 24 14 
17 5 6 23 14 
18 5 6 22 14 
19 5 21 6 14 
16 5 6 23 15 
17 5 6 22 15 
18 5 21 6 15 
19 20 5 6 15 
16 17 5 21 6 
16 18 20 5 6 
17 18 19 5 6 
20 5 7 8 25 
5 21 7 8 24 
5 22 7 23 8 
19 5 7 9 25 
20 5 7 24 9 
5 21 7 23 9 
18 5 7 25 10 
19 5 7 24 10 
20 5 7 23 10 
5 21 22 7 10 
17 5 7 25 11 
18 5 7 24 11 
19 5 7 23 11 
20 5 22 7 11 
16 5 7 25 12 
17 5 7 24 12 
18 5 7 23 12 
19 5 22 7 12 
20 5 21 7 12 
5 7 25 13 15 
16 5 7 24 13 
17 5 7 23 13 
18 5 22 7 13 
19 5 21 7 13 
5 7 24 14 15 
16 5 7 23 14 
17 5 22 7 14 
18 5 21 7 14 
19 20 5 7 14 
16 5 22 7 15 
17 5 21 7 15 
18 20 5 7 15 
16 17 20 5 7 
16 18 19 5 7 
18 5 8 9 25 
19 5 8 24 9 
20 5 23 8 9 
5 21 22 8 9 
17 5 8 25 10 
18 5 8 24 10 
19 5 23 8 10 
20 5 22 8 10 
16 5 8 25 11 
17 5 8 24 11 
18 5 23 8 11 
19 5 22 8 11 
20 5 21 8 11 
5 8 25 12 15 
16 5 8 24 12 
17 5 23 8 12 
18 5 22 8 12 
19 5 21 8 12 
5 8 25 13 14 
5 8 24 13 15 
16 5 23 8 13 
17 5 22 8 13 
18 5 21 8 13 
19 20 5 8 13 
5 23 8 14 15 
16 5 22 8 14 
17 5 21 8 14 
18 20 5 8 14 
16 5 21 8 15 
17 20 5 8 15 
18 19 5 8 15 
16 17 19 5 8 
16 5 9 25 10 
17 5 24 9 10 
18 5 23 9 10 
19 5 22 9 10 
20 5 21 9 10 
5 9 25 11 15 
16 5 24 9 11 
17 5 23 9 11 
18 5 22 9 11 
19 5 21 9 11 
5 9 25 12 14 
5 24 9 12 15 
16 5 23 9 12 
17 5 22 9 12 
18 5 21 9 12 
19 20 5 9 12 
5 24 9 13 14 
5 23 9 13 15 
16 5 22 9 13 
17 5 21 9 13 
18 20 5 9 13 
5 22 9 14 15 
16 5 21 9 14 
17 20 5 9 14 
18 19 5 9 14 
16 20 5 9 15 
17 19 5 9 15 
16 17 18 5 9 
5 25 10 11 14 
5 24 10 11 15 
16 5 23 10 11 
17 5 22 10 11 
18 5 21 10 11 
19 20 5 10 11 
5 25 10 12 13 
5 24 10 12 14 
5 23 10 12 15 
16 5 22 10 12 
17 5 21 10 12 
18 20 5 10 12 
5 23 10 13 14 
5 22 10 13 15 
16 5 21 10 13 
17 20 5 10 13 
18 19 5 10 13 
5 21 10 14 15 
16 20 5 10 14 
17 19 5 10 14 
16 19 5 10 15 
17 18 5 10 15 
5 24 11 12 13 
5 23 11 12 14 
5 22 11 12 15 
16 5 21 11 12 
17 20 5 11 12 
18 19 5 11 12 
5 22 11 13 14 
5 21 11 13 15 
16 20 5 11 13 
17 19 5 11 13 
20 5 11 14 15 
16 19 5 11 14 
17 18 5 11 14 
16 18 5 11 15 
5 21 12 13 14 
20 5 12 13 15 
16 19 5 12 13 
17 18 5 12 13 
19 5 12 14 15 
16 18 5 12 14 
16 17 5 12 15 
18 5 13 14 15 
16 17 5 13 14 
19 6 7 8 25 
20 6 7 8 24 
21 6 7 23 8 
18 6 7 9 25 
19 6 7 24 9 
20 6 7 23 9 
21 6 22 7 9 
17 6 7 25 10 
18 6 7 24 10 
19 6 7 23 10 
20 6 22 7 10 
16 6 7 25 11 
17 6 7 24 11 
18 6 7 23 11 
19 6 22 7 11 
20 21 6 7 11 
6 7 25 12 15 
16 6 7 24 12 
17 6 7 23 12 
18 6 22 7 12 
19 21 6 7 12 
6 7 25 13 14 
6 7 24 13 15 
16 6 7 23 13 
17 6 22 7 13 
18 21 6 7 13 
19 20 6 7 13 
6 7 23 14 15 
16 6 22 7 14 
17 21 6 7 14 
18 20 6 7 14 
16 21 6 7 15 
17 20 6 7 15 
18 19 6 7 15 
16 17 19 6 7 
17 6 8 9 25 
18 6 8 24 9 
19 6 23 8 9 
20 6 22 8 9 
16 6 8 25 10 
17 6 8 24 10 
18 6 23 8 10 
19 6 22 8 10 
20 21 6 8 10 
6 8 25 11 15 
16 6 8 24 11 
17 6 23 8 11 
18 6 22 8 11 
19 21 6 8 11 
6 8 25 12 14 
6 8 24 12 15 
16 6 23 8 12 
17 6 22 8 12 
18 21 6 8 12 
19 20 6 8 12 
6 8 24 13 14 
6 23 8 13 15 
16 6 22 8 13 
17 21 6 8 13 
18 20 6 8 13 
6 22 8 14 15 
16 21 6 8 14 
17 20 6 8 14 
18 19 6 8 14 
16 20 6 8 15 
17 19 6 8 15 
16 17 18 6 8 
6 9 25 10 15 
16 6 24 9 10 
17 6 23 9 10 
18 6 22 9 10 
19 21 6 9 10 
6 9 25 11 14 
6 24 9 11 15 
16 6 23 9 11 
17 6 22 9 11 
18 21 6 9 11 
19 20 6 9 11 
6 9 25 12 13 
6 24 9 12 14 
6 23 9 12 15 
16 6 22 9 12 
17 21 6 9 12 
18 20 6 9 12 
6 23 9 13 14 
6 22 9 13 15 
16 21 6 9 13 
17 20 6 9 13 
18 19 6 9 13 
21 6 9 14 15 
16 20 6 9 14 
17 19 6 9 14 
16 19 6 9 15 
17 18 6 9 15 
6 25 10 11 13 
6 24 10 11 14 
6 23 10 11 15 
16 6 22 10 11 
17 21 6 10 11 
18 20 6 10 11 
6 24 10 12 13 
6 23 10 12 14 
6 22 10 12 15 
16 21 6 10 12 
17 20 6 10 12 
18 19 6 10 12 
6 22 10 13 14 
21 6 10 13 15 
16 20 6 10 13 
17 19 6 10 13 
20 6 10 14 15 
16 19 6 10 14 
17 18 6 10 14 
16 18 6 10 15 
6 23 11 12 13 
6 22 11 12 14 
21 6 11 12 15 
16 20 6 11 12 
17 19 6 11 12 
21 6 11 13 14 
20 6 11 13 15 
16 19 6 11 13 
17 18 6 11 13 
19 6 11 14 15 
16 18 6 11 14 
16 17 6 11 15 
20 6 12 13 14 
19 6 12 13 15 
16 18 6 12 13 
18 6 12 14 15 
16 17 6 12 14 
17 6 13 14 15 
16 7 8 9 25 
17 7 8 24 9 
18 7 23 8 9 
19 22 7 8 9 
20 21 7 8 9 
7 8 25 10 15 
16 7 8 24 10 
17 7 23 8 10 
18 22 7 8 10 
19 21 7 8 10 
7 8 25 11 14 
7 8 24 11 15 
16 7 23 8 11 
17 22 7 8 11 
18 21 7 8 11 
19 20 7 8 11 
7 8 25 12 13 
7 8 24 12 14 
7 23 8 12 15 
16 22 7 8 12 
17 21 7 8 12 
18 20 7 8 12 
7 23 8 13 14 
22 7 8 13 15 
16 21 7 8 13 
17 20 7 8 13 
18 19 7 8 13 
21 7 8 14 15 
16 20 7 8 14 
17 19 7 8 14 
16 19 7 8 15 
17 18 7 8 15 
7 9 25 10 14 
7 24 9 10 15 
16 7 23 9 10 
17 22 7 9 10 
18 21 7 9 10 
19 20 7 9 10 
7 9 25 11 13 
7 24 9 11 14 
7 23 9 11 15 
16 22 7 9 11 
17 21 7 9 11 
18 20 7 9 11 
7 24 9 12 13 
7 23 9 12 14 
22 7 9 12 15 
16 21 7 9 12 
17 20 7 9 12 
18 19 7 9 12 
22 7 9 13 14 
21 7 9 13 15 
16 20 7 9 13 
17 19 7 9 13 
20 7 9 14 15 
16 19 7 9 14 
17 18 7 9 14 
16 18 7 9 15 
7 25 10 11 12 
7 24 10 11 13 
7 23 10 11 14 
22 7 10 11 15 
16 21 7 10 11 
17 20 7 10 11 
18 19 7 10 11 
7 23 10 12 13 
22 7 10 12 14 
21 7 10 12 15 
16 20 7 10 12 
17 19 7 10 12 
21 7 10 13 14 
20 7 10 13 15 
16 19 7 10 13 
17 18 7 10 13 
19 7 10 14 15 
16 18 7 10 14 
16 17 7 10 15 
22 7 11 12 13 
21 7 11 12 14 
20 7 11 12 15 
16 19 7 11 12 
17 18 7 11 12 
20 7 11 13 14 
19 7 11 13 15 
16 18 7 11 13 
18 7 11 14 15 
16 17 7 11 14 
19 7 12 13 14 
18 7 12 13 15 
16 17 7 12 13 
17 7 12 14 15 
16 7 13 14 15 
8 9 25 10 13 
8 24 9 10 14 
23 8 9 10 15 
16 22 8 9 10 
17 21 8 9 10 
18 20 8 9 10 
8 9 25 11 12 
8 24 9 11 13 
23 8 9 11 14 
22 8 9 11 15 
16 21 8 9 11 
17 20 8 9 11 
18 19 8 9 11 
23 8 9 12 13 
22 8 9 12 14 
21 8 9 12 15 
16 20 8 9 12 
17 19 8 9 12 
21 8 9 13 14 
20 8 9 13 15 
16 19 8 9 13 
17 18 8 9 13 
19 8 9 14 15 
16 18 8 9 14 
16 17 8 9 15 
8 24 10 11 12 
23 8 10 11 13 
22 8 10 11 14 
21 8 10 11 15 
16 20 8 10 11 
17 19 8 10 11 
22 8 10 12 13 
21 8 10 12 14 
20 8 10 12 15 
16 19 8 10 12 
17 18 8 10 12 
20 8 10 13 14 
19 8 10 13 15 
16 18 8 10 13 
18 8 10 14 15 
16 17 8 10 14 
21 8 11 12 13 
20 8 11 12 14 
19 8 11 12 15 
16 18 8 11 12 
19 8 11 13 14 
18 8 11 13 15 
16 17 8 11 13 
17 8 11 14 15 
18 8 12 13 14 
17 8 12 13 15 
16 8 12 14 15 
23 9 10 11 12 
22 9 10 11 13 
21 9 10 11 14 
20 9 10 11 15 
16 19 9 10 11 
17 18 9 10 11 
21 9 10 12 13 
20 9 10 12 14 
19 9 10 12 15 
16 18 9 10 12 
19 9 10 13 14 
18 9 10 13 15 
16 17 9 10 13 
17 9 10 14 15 
20 9 11 12 13 
19 9 11 12 14 
18 9 11 12 15 
16 17 9 11 12 
18 9 11 13 14 
17 9 11 13 15 
16 9 11 14 15 
17 9 12 13 14 
16 9 12 13 15 
19 10 11 12 13 
18 10 11 12 14 
17 10 11 12 15 
17 10 11 13 14 
16 10 11 13 15 
16 10 12 13 14 
11 12 13 14 15 
